0
3
3
4
5
7
7
9
10
10
11
11
12
12
13
13
14
17
17
17
18
19
19
21
22
23
23
25
25
26
27
29
31
31
32
32
33
33
34
34
36
40
41
42
43
44
45
45
45
49
50
50
51
52
53
54
54
55
56
57
57
58
59
59
59
60
64
64
64
64
67
68
69
69
71
71
71
72
72
73
73
74
75
77
78
78
80
81
81
81
84
86
87
87
89
89
89
89
92
93
95
97
97
99
99
99
100
101
105
105
106
106
107
107
108
110
110
110
111
117
120
122
123
123
124
126
128
130
130
131
131
133
133
135
136
136
137
138
139
142
143
143
145
145
146
147
147
151
151
153
153
154
156
156
157
158
158
159
161
161
162
162
166
166
166
166
168
169
170
171
174
175
176
177
180
181
182
183
183
186
187
187
187
190
191
192
193
193
193
194
194
194
195
196
196
196
196
198
199
202
204
204
205
205
205
206
207
209
211
212
212
213
215
217
219
220
221
222
222
224
224
226
226
226
226
228
230
230
232
232
232
233
235
235
236
237
237
239
240
241
242
246
246
246
248
249
249
250
251
252
253
253
253
253
253
254
